0.882036 1.291953 1.000000
0.274616 0.560224 1.000000
0.418066 0.385048 1.000000
0.441192 0.324766 1.000000
0.000000 0.899950 1.000000
0.550265 0.579093 1.000000
1.242943 1.299467 1.000000
0.730654 0.679199 1.000000
0.739325 2.106918 1.000000
0.397268 1.600613 1.000000
1.718563 1.846232 1.000000
0.672959 0.532856 1.000000
1.204562 0.760202 1.000000
1.203077 0.769881 1.000000
1.177733 0.686976 1.000000
0.963849 0.818490 1.000000
0.995095 0.669482 1.000000
0.000000 0.681265 1.000000
0.000000 0.000000 1.000000
1.791908 0.740707 1.000000
1.542823 1.291790 1.000000
1.178502 1.029370 1.000000
0.000000 0.669786 1.000000
1.089799 0.000000 1.000000
0.833527 1.045858 1.000000
0.115375 1.134219 1.000000
1.599276 0.694450 1.000000
1.522201 0.536680 1.000000
0.955704 0.853902 1.000000
1.726120 1.110563 1.000000
0.827094 0.316446 1.000000
1.195010 1.599858 1.000000
1.912595 1.665154 1.000000
0.954609 0.758199 1.000000
0.776078 1.253192 1.000000
0.303203 1.336313 1.000000
0.961160 1.841922 1.000000
0.220297 1.714817 1.000000
1.045699 1.316965 1.000000
1.948362 1.561852 1.000000
0.931075 0.650084 1.000000
0.855530 0.586841 1.000000
0.560693 0.040312 1.000000
1.506872 2.106261 1.000000
0.621522 1.126842 1.000000
0.659674 0.384312 1.000000
0.275293 0.897289 1.000000
0.798868 1.129460 1.000000
0.873085 1.015742 1.000000
1.003915 1.270937 1.000000
1.441840 1.357016 1.000000
1.480605 1.852997 1.000000
1.997541 1.807339 1.000000
1.166730 1.109759 1.000000
1.136825 1.279169 1.000000
1.007219 1.332350 1.000000
0.868599 0.869099 1.000000
0.000000 0.430275 1.000000
0.493676 1.094164 1.000000
1.415392 0.000000 1.000000
1.480381 0.000000 1.000000
1.096474 0.000000 1.000000
1.056675 0.000000 1.000000
1.811688 1.069731 1.000000
0.772739 0.000000 1.000000
0.770979 0.000000 1.000000
0.680172 0.772726 1.000000
1.181445 0.985962 1.000000
0.786557 0.871469 1.000000
2.127394 0.995153 1.000000
1.444141 3.015522 2.000000
1.776930 2.815844 2.000000
1.383314 2.670125 2.000000
0.081374 2.677286 2.000000
1.272985 2.498238 2.000000
1.842278 2.730413 2.000000
1.567152 2.760467 2.000000
1.158048 4.019297 2.000000
1.570703 3.741644 2.000000
0.638250 2.032720 2.000000
1.745787 2.703834 2.000000
1.047997 3.003953 2.000000
1.112915 3.635809 2.000000
0.227317 2.922333 2.000000
0.671762 3.183452 2.000000
0.523448 2.665637 2.000000
0.000000 2.388272 2.000000
1.412787 3.756358 2.000000
0.992461 4.072078 2.000000
0.719819 3.810776 2.000000
0.437534 3.383543 2.000000
0.397169 2.716128 2.000000
0.620412 2.852839 2.000000
1.119588 3.076800 2.000000
2.177028 4.066264 2.000000
1.448326 2.720854 2.000000
0.799842 3.266581 2.000000
0.806389 3.188437 2.000000
1.154850 3.034720 2.000000
0.469765 2.688110 2.000000
1.161891 2.081122 2.000000
0.104726 2.008476 2.000000
0.669595 3.034272 2.000000
1.006114 3.287083 2.000000
0.774897 3.042691 2.000000
0.289955 2.445364 2.000000
0.211203 2.695309 2.000000
1.085845 2.634243 2.000000
0.890464 3.776403 2.000000
0.197782 2.323664 2.000000
0.191682 2.297157 2.000000
0.971562 3.187152 2.000000
0.000000 2.433114 2.000000
1.998357 3.849609 2.000000
0.917249 3.959367 2.000000
0.383450 2.887340 2.000000
0.486672 2.666108 2.000000
0.541942 2.990847 2.000000
0.507102 2.791527 2.000000
0.617334 3.437909 2.000000
1.283712 3.851600 2.000000
1.084099 2.772712 2.000000
1.773959 2.365518 2.000000
0.197783 2.322464 2.000000
0.424653 1.098336 2.000000
0.661606 2.881102 2.000000
1.425704 3.298078 2.000000
0.187122 2.160966 2.000000
0.379760 3.155430 2.000000
1.158704 2.505389 2.000000
0.128900 2.280478 2.000000
0.346992 2.646710 2.000000
1.769086 2.296747 2.000000
1.688548 2.429927 2.000000
1.657688 2.342180 2.000000
0.815016 1.390531 2.000000
1.064564 2.663793 2.000000
1.516391 2.146942 2.000000
1.391014 1.989951 2.000000
1.159276 2.270176 2.000000
2.653351 1.733941 3.000000
2.930321 2.140317 3.000000
2.551424 1.712007 3.000000
2.450761 1.200972 3.000000
2.901213 1.223774 3.000000
3.753838 1.630092 3.000000
2.125186 0.464110 3.000000
2.027130 0.867620 3.000000
2.031822 1.071702 3.000000
3.661452 1.411683 3.000000
2.750826 1.269694 3.000000
3.764117 1.967055 3.000000
2.871118 1.509016 3.000000
2.600852 0.663453 3.000000
2.651243 0.928087 3.000000
3.486380 1.407411 3.000000
1.944195 0.338265 3.000000
3.350110 1.595680 3.000000
3.291125 1.513131 3.000000
3.319721 1.455164 3.000000
2.160132 1.223366 3.000000
2.442011 1.129869 3.000000
2.736055 1.143128 3.000000
2.235509 1.132560 3.000000
3.047399 1.020570 3.000000
1.140169 0.118107 3.000000
2.634747 1.355415 3.000000
2.322174 1.131649 3.000000
2.917049 0.954884 3.000000
2.510552 0.620000 3.000000
3.875556 1.660185 3.000000
3.243334 1.294289 3.000000
2.610026 0.698213 3.000000
3.109051 1.141275 3.000000
3.584647 1.328982 3.000000
2.486602 0.573284 3.000000
3.101969 1.097418 3.000000
2.988496 0.758099 3.000000
3.007187 1.094591 3.000000
1.593860 0.547133 3.000000
2.514530 0.620501 3.000000
2.138110 1.048588 3.000000
2.397583 1.070982 3.000000
2.587842 0.957020 3.000000
2.807252 1.817408 3.000000
2.972019 1.165186 3.000000
3.245862 1.555909 3.000000
2.714185 0.597723 3.000000
3.303959 1.250427 3.000000
2.420852 0.280240 3.000000
3.074203 0.910897 3.000000
2.235156 0.511170 3.000000
1.615070 0.472023 3.000000
3.194355 0.978753 3.000000
1.992926 0.752699 3.000000
1.694508 0.751233 3.000000
2.068245 1.006022 3.000000
1.646500 1.027619 3.000000
2.047900 1.031927 3.000000
0.823788 0.085584 3.000000
2.457512 1.140151 3.000000
0.630129 0.000000 3.000000
2.017128 0.233681 3.000000
2.872398 1.600963 3.000000
2.035508 0.776030 3.000000
1.541856 0.359942 3.000000
2.441136 0.658156 3.000000
2.709720 1.747840 3.000000
2.131419 0.640788 3.000000
2.399788 1.122450 3.000000
