0.317047 -0.783669 1.000000
-0.003386 -1.913214 1.000000
-0.459443 -1.907225 1.000000
-0.591936 -1.931069 1.000000
1.102910 -2.068090 1.000000
-0.336815 -1.636916 1.000000
-0.145602 -0.436415 1.000000
-0.425440 -1.390153 1.000000
1.767184 -0.307529 1.000000
1.441194 -1.011068 1.000000
0.067111 0.429312 1.000000
-0.572683 -1.558244 1.000000
-0.931415 -0.873926 1.000000
-0.914883 -0.871940 1.000000
-1.008361 -0.958530 1.000000
-0.515522 -1.058726 1.000000
-0.784531 -1.141977 1.000000
0.679029 -2.170362 1.000000
-0.234417 -2.787794 1.000000
-1.737672 -0.340141 1.000000
-0.561483 -0.158660 1.000000
-0.477524 -0.704747 1.000000
0.857383 -2.321175 1.000000
-1.978520 -1.590765 1.000000
-0.001575 -1.013266 1.000000
1.096521 -1.630660 1.000000
-1.557282 -0.555134 1.000000
-1.698042 -0.750450 1.000000
-0.456619 -1.044214 1.000000
-1.083776 -0.122310 1.000000
-1.111229 -1.579508 1.000000
0.376703 -0.252241 1.000000
-0.481413 0.474555 1.000000
-0.604219 -1.118506 1.000000
0.399082 -0.915782 1.000000
1.162926 -1.300219 1.000000
1.064665 -0.295040 1.000000
1.854938 -1.088863 1.000000
0.140615 -0.610292 1.000000
-0.678082 0.437681 1.000000
-0.731657 -1.227110 1.000000
-0.729770 -1.347127 1.000000
-1.180832 -2.035590 1.000000
0.741740 0.426997 1.000000
0.409356 -1.153413 1.000000
-0.782334 -1.684050 1.000000
0.514407 -1.656692 1.000000
0.179966 -0.984982 1.000000
-0.092600 -1.001376 1.000000
0.125468 -0.688049 1.000000
-0.326314 -0.202406 1.000000
0.392392 0.215181 1.000000
-0.366484 0.660879 1.000000
-0.335388 -0.653453 1.000000
-0.037674 -0.559365 1.000000
0.219397 -0.640188 1.000000
-0.314249 -1.117611 1.000000
0.206695 -2.302470 1.000000
0.529706 -1.301822 1.000000
-2.400357 -1.264669 1.000000
-2.749849 -1.337276 1.000000
-2.630756 -1.896778 1.000000
-1.969063 -1.626915 1.000000
-1.257540 -0.072293 1.000000
-1.557848 -1.883005 1.000000
-1.616999 -1.911193 1.000000
-0.215325 -1.370316 1.000000
-0.554285 -0.733452 1.000000
-0.198411 -1.198158 1.000000
-1.790811 0.167506 1.000000
2.235491 1.049686 2.000000
1.485409 1.214111 2.000000
1.784613 0.733019 2.000000
3.530065 -0.496301 2.000000
1.664840 0.497570 2.000000
1.270361 1.211745 2.000000
1.685126 0.971591 2.000000
4.178009 1.538921 2.000000
3.192699 1.720445 2.000000
1.796426 -0.458433 2.000000
1.358284 1.100892 2.000000
2.751847 0.670144 2.000000
3.648731 1.207756 2.000000
3.716247 -0.177573 2.000000
3.526738 0.444748 2.000000
2.925798 -0.090901 2.000000
3.231009 -0.820227 2.000000
3.419721 1.578218 2.000000
4.475697 1.429933 2.000000
4.437394 0.969683 2.000000
4.147820 0.371485 2.000000
3.170391 -0.167812 2.000000
3.085150 0.147951 2.000000
2.767082 0.795684 2.000000
2.877028 2.540226 2.000000
1.772132 0.830530 2.000000
3.484051 0.629085 2.000000
3.358722 0.570643 2.000000
2.656116 0.785297 2.000000
3.032127 -0.123565 2.000000
1.173282 0.076311 2.000000
2.471946 -0.983514 2.000000
3.305410 0.332401 2.000000
3.243586 0.839178 2.000000
3.173027 0.435767 2.000000
2.899497 -0.475629 2.000000
3.388930 -0.362260 2.000000
2.129031 0.421507 2.000000
4.148575 1.100230 2.000000
2.830640 -0.655213 2.000000
2.793992 -0.678534 2.000000
3.132780 0.734557 2.000000
3.434694 -0.881941 2.000000
2.793391 2.211418 2.000000
4.400904 1.268984 2.000000
3.449526 -0.051717 2.000000
2.975044 -0.115294 2.000000
3.403234 0.175356 2.000000
3.140595 -0.003454 2.000000
3.991817 0.586137 2.000000
3.749657 1.535011 2.000000
2.350647 0.522911 2.000000
0.799216 0.868137 2.000000
2.832389 -0.655005 2.000000
0.640351 -1.363984 2.000000
3.072426 0.209606 2.000000
2.703012 1.247070 2.000000
2.595241 -0.789442 2.000000
3.873791 0.146732 2.000000
1.836205 0.397731 2.000000
2.859103 -0.752857 2.000000
3.130402 -0.267506 2.000000
0.693173 0.813675 2.000000
1.009501 0.836534 2.000000
0.912856 0.742110 2.000000
0.568937 -0.775814 2.000000
2.195296 0.424830 2.000000
0.799150 0.455405 2.000000
0.724307 0.219014 2.000000
1.465387 0.213996 2.000000
-1.350277 1.224214 3.000000
-1.093503 1.798848 3.000000
-1.246059 1.113457 3.000000
-1.900779 0.629451 3.000000
-2.466093 1.070180 3.000000
-2.971433 2.185082 3.000000
-2.602780 -0.244803 3.000000
-1.853730 -0.021828 3.000000
-1.543567 0.130560 3.000000
-3.190435 1.932603 3.000000
-2.193235 0.962966 3.000000
-2.466494 2.454126 3.000000
-1.986040 1.257347 3.000000
-2.931703 0.360750 3.000000
-2.586118 0.606238 3.000000
-2.958169 1.763673 3.000000
-2.557478 -0.506930 3.000000
-2.488524 1.776213 3.000000
-2.539317 1.656601 3.000000
-2.662658 1.640788 3.000000
-1.481382 0.364424 3.000000
-1.999207 0.564434 3.000000
-2.370392 0.856141 3.000000
-1.722827 0.373634 3.000000
-2.967605 1.057614 3.000000
-1.826667 -1.435326 3.000000
-1.906409 0.918542 3.000000
-1.840143 0.451454 3.000000
-2.896144 0.879681 3.000000
-2.872349 0.239825 3.000000
-3.091797 2.327025 3.000000
-2.812037 1.454201 3.000000
-2.886038 0.396596 3.000000
-2.865490 1.205754 3.000000
-3.213906 1.796110 3.000000
-2.915512 0.185059 3.000000
-2.924729 1.165958 3.000000
-3.298974 0.801692 3.000000
-2.803310 1.077336 3.000000
-1.775500 -0.682412 3.000000
-2.879445 0.252369 3.000000
-1.721429 0.219053 3.000000
-2.030207 0.480079 3.000000
-2.456159 0.572715 3.000000
-1.430292 1.437058 3.000000
-2.651212 1.092144 3.000000
-2.411580 1.646869 3.000000
-3.179547 0.419114 3.000000
-2.958130 1.479702 3.000000
-3.279763 -0.095455 3.000000
-3.173520 0.997378 3.000000
-2.677704 -0.099115 3.000000
-1.914392 -0.715779 3.000000
-3.231317 1.161862 3.000000
-1.988392 -0.142259 3.000000
-1.590651 -0.422555 3.000000
-1.693705 0.124838 3.000000
-1.099783 -0.259573 3.000000
-1.628885 0.117475 3.000000
-1.459633 -1.753686 3.000000
-2.004872 0.592070 3.000000
-1.612069 -2.140577 3.000000
-2.814957 -0.513214 3.000000
-1.843623 1.341374 3.000000
-2.005131 -0.085892 3.000000
-1.991107 -0.865956 3.000000
-2.726865 0.208190 3.000000
-1.403633 1.298593 3.000000
-2.339328 -0.099699 3.000000
-1.955953 0.525071 3.000000
