0.317047 -0.783669 0.631010 1.000000
-0.003386 -1.913214 0.669754 1.000000
-0.459443 -1.907225 -0.932489 1.000000
-0.591936 -1.931069 -0.499311 1.000000
1.102910 -2.068090 -0.056705 1.000000
-0.336815 -1.636916 -0.438913 1.000000
-0.145602 -0.436415 -0.301945 1.000000
-0.425440 -1.390153 -0.401288 1.000000
1.767184 -0.307529 0.968166 1.000000
1.441194 -1.011068 0.383042 1.000000
0.067111 0.429312 -0.325293 1.000000
-0.572683 -1.558244 0.421773 1.000000
-0.931415 -0.873926 -0.948782 1.000000
-0.914883 -0.871940 -0.135350 1.000000
-1.008361 -0.958530 0.002094 1.000000
-0.515522 -1.058726 -1.435487 1.000000
-0.784531 -1.141977 -2.573488 1.000000
0.679029 -2.170362 -0.329858 1.000000
-0.234417 -2.787794 -0.975678 1.000000
-1.737672 -0.340141 -0.432500 1.000000
-0.561483 -0.158660 0.607274 1.000000
-0.477524 -0.704747 0.336818 1.000000
0.857383 -2.321175 0.307365 1.000000
-1.978520 -1.590765 0.858143 1.000000
-0.001575 -1.013266 0.921351 1.000000
1.096521 -1.630660 0.872075 1.000000
-1.557282 -0.555134 0.079403 1.000000
-1.698042 -0.750450 0.736527 1.000000
-0.456619 -1.044214 -0.057880 1.000000
-1.083776 -0.122310 0.269028 1.000000
-1.111229 -1.579508 1.323810 1.000000
0.376703 -0.252241 0.023336 1.000000
-0.481413 0.474555 0.420315 1.000000
-0.604219 -1.118506 0.524867 1.000000
0.399082 -0.915782 0.510331 1.000000
1.162926 -1.300219 -0.194153 1.000000
1.064665 -0.295040 0.382362 1.000000
1.854938 -1.088863 -0.743955 1.000000
0.140615 -0.610292 -0.083747 1.000000
-0.678082 0.437681 -2.301283 1.000000
-0.731657 -1.227110 -0.122634 1.000000
-0.729770 -1.347127 0.081011 1.000000
-1.180832 -2.035590 -0.743413 1.000000
0.741740 0.426997 -0.651293 1.000000
0.409356 -1.153413 -0.721402 1.000000
-0.782334 -1.684050 0.474034 1.000000
0.514407 -1.656692 0.495315 1.000000
0.179966 -0.984982 -0.324927 1.000000
-0.092600 -1.001376 -0.029454 1.000000
0.125468 -0.688049 0.806693 1.000000
-0.326314 -0.202406 -0.381406 1.000000
0.392392 0.215181 -1.616336 1.000000
-0.366484 0.660879 0.396401 1.000000
-0.335388 -0.653453 -0.268614 1.000000
-0.037674 -0.559365 1.590770 1.000000
0.219397 -0.640188 1.022965 1.000000
-0.314249 -1.117611 -0.229941 1.000000
0.206695 -2.302470 0.016612 1.000000
0.529706 -1.301822 0.225608 1.000000
-2.400357 -1.264669 1.336848 1.000000
-2.749849 -1.337276 0.065511 1.000000
-2.630756 -1.896778 -0.193087 1.000000
-1.969063 -1.626915 -0.882954 1.000000
-1.257540 -0.072293 -0.288590 1.000000
-1.557848 -1.883005 0.785227 1.000000
-1.616999 -1.911193 -0.375767 1.000000
-0.215325 -1.370316 0.962016 1.000000
-0.554285 -0.733452 0.822020 1.000000
-0.198411 -1.198158 0.951716 1.000000
-1.790811 0.167506 0.694332 1.000000
2.235491 1.049686 0.349307 2.000000
1.485409 1.214111 0.076205 2.000000
1.784613 0.733019 -0.347446 2.000000
3.530065 -0.496301 -0.445893 2.000000
1.664840 0.497570 -0.070151 2.000000
1.270361 1.211745 -0.119904 2.000000
1.685126 0.971591 0.630377 2.000000
4.178009 1.538921 0.180192 2.000000
3.192699 1.720445 -0.083512 2.000000
1.796426 -0.458433 -0.002444 2.000000
1.358284 1.100892 -0.906552 2.000000
2.751847 0.670144 -1.365873 2.000000
3.648731 1.207756 -0.792711 2.000000
3.716247 -0.177573 1.327632 2.000000
3.526738 0.444748 0.585451 2.000000
2.925798 -0.090901 0.561624 2.000000
3.231009 -0.820227 0.513262 2.000000
3.419721 1.578218 1.064695 2.000000
4.475697 1.429933 -1.255336 2.000000
4.437394 0.969683 -1.045225 2.000000
4.147820 0.371485 1.367481 2.000000
3.170391 -0.167812 -0.195504 2.000000
3.085150 0.147951 0.070648 2.000000
2.767082 0.795684 -1.903309 2.000000
2.877028 2.540226 1.010337 2.000000
1.772132 0.830530 0.570654 2.000000
3.484051 0.629085 0.260894 2.000000
3.358722 0.570643 1.502487 2.000000
2.656116 0.785297 1.166974 2.000000
3.032127 -0.123565 0.804354 2.000000
1.173282 0.076311 -0.651647 2.000000
2.471946 -0.983514 0.080132 2.000000
3.305410 0.332401 -0.831444 2.000000
3.243586 0.839178 0.663639 2.000000
3.173027 0.435767 0.216031 2.000000
2.899497 -0.475629 0.108960 2.000000
3.388930 -0.362260 -0.215732 2.000000
2.129031 0.421507 0.013809 2.000000
4.148575 1.100230 0.863868 2.000000
2.830640 -0.655213 0.742844 2.000000
2.793992 -0.678534 0.244152 2.000000
3.132780 0.734557 0.313241 2.000000
3.434694 -0.881941 0.016111 2.000000
2.793391 2.211418 -1.018226 2.000000
4.400904 1.268984 -0.348277 2.000000
3.449526 -0.051717 0.764779 2.000000
2.975044 -0.115294 -1.243879 2.000000
3.403234 0.175356 0.161569 2.000000
3.140595 -0.003454 -0.490585 2.000000
3.991817 0.586137 0.548580 2.000000
3.749657 1.535011 -1.171441 2.000000
2.350647 0.522911 0.207966 2.000000
0.799216 0.868137 0.205263 2.000000
2.832389 -0.655005 -0.532181 2.000000
0.640351 -1.363984 -1.203940 2.000000
3.072426 0.209606 -0.818010 2.000000
2.703012 1.247070 0.194910 2.000000
2.595241 -0.789442 0.073929 2.000000
3.873791 0.146732 1.277681 2.000000
1.836205 0.397731 -1.538433 2.000000
2.859103 -0.752857 -0.517333 2.000000
3.130402 -0.267506 -0.058819 2.000000
0.693173 0.813675 -0.037694 2.000000
1.009501 0.836534 0.137853 2.000000
0.912856 0.742110 -0.692845 2.000000
0.568937 -0.775814 -0.880433 2.000000
2.195296 0.424830 0.223243 2.000000
0.799150 0.455405 1.350792 2.000000
0.724307 0.219014 1.039421 2.000000
1.465387 0.213996 -0.170678 2.000000
-1.350277 1.224214 -0.054435 3.000000
-1.093503 1.798848 -1.187862 3.000000
-1.246059 1.113457 -0.866605 3.000000
-1.900779 0.629451 -0.787892 3.000000
-2.466093 1.070180 0.814719 3.000000
-2.971433 2.185082 0.401606 3.000000
-2.602780 -0.244803 1.609229 3.000000
-1.853730 -0.021828 -0.400066 3.000000
-1.543567 0.130560 0.807786 3.000000
-3.190435 1.932603 0.882002 3.000000
-2.193235 0.962966 -0.118537 3.000000
-2.466494 2.454126 -0.172394 3.000000
-1.986040 1.257347 0.625557 3.000000
-2.931703 0.360750 1.267222 3.000000
-2.586118 0.606238 0.688964 3.000000
-2.958169 1.763673 0.298220 3.000000
-2.557478 -0.506930 0.200882 3.000000
-2.488524 1.776213 1.257350 3.000000
-2.539317 1.656601 1.552639 3.000000
-2.662658 1.640788 0.523265 3.000000
-1.481382 0.364424 1.190199 3.000000
-1.999207 0.564434 0.343622 3.000000
-2.370392 0.856141 0.079276 3.000000
-1.722827 0.373634 -0.020548 3.000000
-2.967605 1.057614 -1.045580 3.000000
-1.826667 -1.435326 0.195081 3.000000
-1.906409 0.918542 0.084104 3.000000
-1.840143 0.451454 0.824698 3.000000
-2.896144 0.879681 0.797743 3.000000
-2.872349 0.239825 0.893804 3.000000
-3.091797 2.327025 0.047304 3.000000
-2.812037 1.454201 -0.903085 3.000000
-2.886038 0.396596 0.307986 3.000000
-2.865490 1.205754 -0.088153 3.000000
-3.213906 1.796110 1.012637 3.000000
-2.915512 0.185059 -0.430304 3.000000
-2.924729 1.165958 0.133642 3.000000
-3.298974 0.801692 0.444762 3.000000
-2.803310 1.077336 -0.496481 3.000000
-1.775500 -0.682412 1.563241 3.000000
-2.879445 0.252369 -0.446655 3.000000
-1.721429 0.219053 -0.767048 3.000000
-2.030207 0.480079 -0.300037 3.000000
-2.456159 0.572715 -0.496732 3.000000
-1.430292 1.437058 -0.663592 3.000000
-2.651212 1.092144 1.280436 3.000000
-2.411580 1.646869 0.985091 3.000000
-3.179547 0.419114 0.519188 3.000000
-2.958130 1.479702 -1.674047 3.000000
-3.279763 -0.095455 -0.819346 3.000000
-3.173520 0.997378 -0.086730 3.000000
-2.677704 -0.099115 0.043372 3.000000
-1.914392 -0.715779 -0.407383 3.000000
-3.231317 1.161862 0.653876 3.000000
-1.988392 -0.142259 -0.238825 3.000000
-1.590651 -0.422555 -1.327748 3.000000
-1.693705 0.124838 -1.312331 3.000000
-1.099783 -0.259573 -1.044480 3.000000
-1.628885 0.117475 0.786959 3.000000
-1.459633 -1.753686 -0.777933 3.000000
-2.004872 0.592070 -0.762119 3.000000
-1.612069 -2.140577 -0.643676 3.000000
-2.814957 -0.513214 -0.422914 3.000000
-1.843623 1.341374 -2.921501 3.000000
-2.005131 -0.085892 0.045343 3.000000
-1.991107 -0.865956 -0.513303 3.000000
-2.726865 0.208190 0.059059 3.000000
-1.403633 1.298593 -2.905811 3.000000
-2.339328 -0.099699 0.382515 3.000000
-1.955953 0.525071 -1.013113 3.000000
