0.730709 1.940692 1.685939 1.000000
0.491461 1.766321 2.292848 1.000000
1.565952 1.426062 2.831596 1.000000
1.240067 1.376113 2.684005 1.000000
1.143619 2.337061 2.715390 1.000000
1.270200 1.520649 2.508414 1.000000
1.375958 1.633385 1.791010 1.000000
1.267408 1.473207 2.348063 1.000000
0.757072 2.758885 1.384741 1.000000
1.029656 2.547209 1.976411 1.000000
1.554277 1.749680 1.326245 1.000000
0.631844 1.437552 2.136333 1.000000
1.668170 1.164309 2.220112 1.000000
1.087566 1.217825 1.926657 1.000000
0.962829 1.173947 1.919064 1.000000
2.048671 1.367551 2.533578 1.000000
2.804855 1.155610 2.969139 1.000000
1.262449 2.087981 2.843500 1.000000
1.504549 1.548655 3.367989 1.000000
1.255489 0.745614 1.677963 1.000000
0.711321 1.453590 1.278671 1.000000
0.829176 1.484872 1.687750 1.000000
0.811335 2.221685 2.711591 1.000000
0.102800 0.682801 1.897594 1.000000
0.448650 1.781261 1.691121 1.000000
0.541225 2.384619 2.128667 1.000000
0.887844 0.874164 1.626504 1.000000
0.366321 0.832215 1.488705 1.000000
1.068410 1.475065 2.023533 1.000000
0.880966 1.145950 1.342941 1.000000
0.000000 1.189117 1.777178 1.000000
1.255663 1.940059 1.612334 1.000000
0.952975 1.486814 0.995220 1.000000
0.620394 1.425735 1.845119 1.000000
0.802350 1.978774 1.804567 1.000000
1.355044 2.361875 2.327036 1.000000
1.086643 2.339267 1.553094 1.000000
1.885854 2.713524 2.458470 1.000000
1.233400 1.803237 1.826157 1.000000
2.862429 1.229058 1.984039 1.000000
1.036580 1.318788 2.125889 1.000000
0.874130 1.331097 2.121134 1.000000
1.302596 1.037191 2.782519 1.000000
1.881559 2.103453 1.484159 1.000000
1.652592 1.916787 2.386869 1.000000
0.543986 1.324538 2.173681 1.000000
0.725810 2.042397 2.241048 1.000000
1.361040 1.811950 2.134317 1.000000
1.108073 1.678012 2.018759 1.000000
0.585619 1.843956 1.552802 1.000000
1.446903 1.529022 1.678006 1.000000
2.498517 1.858505 1.939240 1.000000
1.007529 1.549480 0.902631 1.000000
1.287449 1.530156 1.884073 1.000000
0.014193 1.796759 1.179596 1.000000
0.447431 1.907843 1.451332 1.000000
1.207280 1.544014 2.149902 1.000000
0.921427 1.845937 2.758540 1.000000
0.972373 2.035576 2.139929 1.000000
0.000000 0.476989 1.537645 1.000000
0.602184 0.213106 1.989469 1.000000
0.711948 0.264117 2.400214 1.000000
1.350699 0.593605 2.547170 1.000000
1.258960 1.018970 1.502910 1.000000
0.181261 0.912702 2.121040 1.000000
1.001942 0.816612 2.555017 1.000000
0.323951 1.664593 1.855857 1.000000
0.473461 1.469347 1.526941 1.000000
0.352501 1.673179 1.760758 1.000000
0.514988 0.778135 0.977084 1.000000
1.473234 2.982828 0.879193 2.000000
1.587838 2.554038 0.838198 2.000000
1.864309 2.695823 1.285078 2.000000
1.997776 3.652736 2.130609 2.000000
1.606050 2.645030 1.299471 2.000000
1.695983 2.424692 0.896029 2.000000
1.179766 2.695247 0.785728 2.000000
1.945875 4.044291 0.799186 2.000000
2.014123 3.486601 0.714554 2.000000
1.434721 2.721577 1.829889 2.000000
2.245924 2.429255 1.238913 2.000000
2.724355 3.172971 1.759314 2.000000
2.519542 3.698791 1.307753 2.000000
0.803201 3.853692 1.323592 2.000000
1.404122 3.708104 1.230398 2.000000
1.241961 3.375303 1.488289 2.000000
1.214784 3.541013 1.945455 2.000000
1.208424 3.675160 0.400308 2.000000
3.007995 4.128923 1.404085 2.000000
2.777818 4.119289 1.583585 2.000000
0.916825 4.093525 1.024442 2.000000
1.814370 3.468487 1.827493 2.000000
1.657762 3.436384 1.544068 2.000000
3.126845 3.151587 1.877491 2.000000
1.312325 3.373192 0.000000 2.000000
1.214169 2.739337 0.888007 2.000000
1.655027 3.666380 1.237882 2.000000
0.726523 3.666096 0.800223 2.000000
0.902025 3.260105 0.757750 2.000000
1.086093 3.447644 1.433770 2.000000
1.891683 2.341774 1.722193 2.000000
1.393900 3.098953 2.144409 2.000000
2.369046 3.507694 1.793959 2.000000
1.361827 3.556389 0.955442 2.000000
1.612334 3.492529 1.341454 2.000000
1.517956 3.336245 1.883501 2.000000
1.823995 3.587544 1.954314 2.000000
1.602288 2.905720 1.348638 2.000000
1.382700 4.065943 0.788096 2.000000
1.024764 3.333616 1.744087 2.000000
1.378037 3.285703 1.938988 2.000000
1.594088 3.476287 1.146477 2.000000
1.601315 3.626124 2.178495 2.000000
2.713017 3.215132 0.765646 2.000000
2.324583 4.137918 1.164974 2.000000
1.184676 3.675688 1.429985 2.000000
2.553975 3.303135 2.172947 2.000000
1.644733 3.616340 1.523717 2.000000
2.046670 3.435938 1.837409 2.000000
1.516742 3.962225 1.192765 2.000000
2.858960 3.733391 1.270229 2.000000
1.508598 3.038874 1.237447 2.000000
1.345161 2.182492 0.944509 2.000000
1.931935 3.263646 2.201797 2.000000
2.001630 2.018098 2.707979 2.000000
2.306571 3.379893 1.837845 2.000000
1.680363 3.232423 0.856823 2.000000
1.442889 3.166401 2.040952 2.000000
0.915586 3.938068 1.172416 2.000000
2.671892 2.658696 1.909420 2.000000
1.906752 3.279176 2.249459 2.000000
1.701985 3.454244 1.838901 2.000000
1.483285 2.110021 1.035185 2.000000
1.414920 2.294680 0.994273 2.000000
1.972692 2.194864 1.330230 2.000000
1.836808 1.995519 2.240978 2.000000
1.462817 2.953827 1.271276 2.000000
0.454335 2.245329 0.749436 2.000000
0.634809 2.186889 0.995055 2.000000
1.599962 2.528872 1.478077 2.000000
1.267195 0.979494 0.678204 3.000000
2.198965 1.058775 0.775329 3.000000
1.847282 0.992803 1.042607 3.000000
1.618949 0.634197 1.237512 3.000000
0.464358 0.409850 0.379253 3.000000
0.850316 0.106217 0.000000 3.000000
0.000000 0.377829 0.822818 3.000000
1.257792 0.682703 1.472409 3.000000
0.455954 0.920225 0.969221 3.000000
0.440423 0.010964 0.000000 3.000000
1.145261 0.508803 0.785471 3.000000
1.376542 0.355034 0.000000 3.000000
0.692410 0.664870 0.369844 3.000000
0.000000 0.176968 0.584531 3.000000
0.458349 0.335546 0.671958 3.000000
0.860681 0.108109 0.135168 3.000000
0.648490 0.325175 1.480111 3.000000
0.255513 0.422295 0.000000 3.000000
0.013194 0.409762 0.000000 3.000000
0.722084 0.284259 0.141907 3.000000
0.222284 0.974815 0.699429 3.000000
0.781837 0.641986 0.853535 3.000000
0.973982 0.422830 0.772782 3.000000
1.063315 0.775400 1.121389 3.000000
1.712447 0.029325 1.017508 3.000000
0.614654 0.730164 2.051023 3.000000
1.040768 0.679441 0.763263 3.000000
0.446921 0.756435 0.757036 3.000000
0.380254 0.170839 0.460393 3.000000
0.219448 0.189098 0.790022 3.000000
1.111405 0.019945 0.000000 3.000000
1.703088 0.123889 0.759752 3.000000
0.662873 0.149428 0.912976 3.000000
1.069746 0.138858 0.600288 3.000000
0.323089 0.005368 0.000000 3.000000
1.148394 0.091268 1.290280 3.000000
0.895000 0.118085 0.535182 3.000000
0.565240 0.000000 0.602623 3.000000
1.350685 0.151250 0.819840 3.000000
0.000000 0.833318 1.142228 3.000000
1.182867 0.112548 1.264338 3.000000
1.571240 0.735033 1.475585 3.000000
1.231010 0.589828 1.138737 3.000000
1.321108 0.342964 1.127620 3.000000
1.725208 0.901450 0.770790 3.000000
0.106333 0.332859 0.183168 3.000000
0.431920 0.448827 0.000000 3.000000
0.471676 0.000000 0.801678 3.000000
2.230174 0.000361 1.005995 3.000000
1.336154 0.000000 1.566232 3.000000
0.990866 0.000000 0.694819 3.000000
0.804382 0.250043 1.296804 3.000000
1.139090 0.647674 1.853395 3.000000
0.477865 0.000000 0.328602 3.000000
1.105526 0.616495 1.473365 3.000000
1.901285 0.777439 2.054299 3.000000
1.955886 0.721424 1.730479 3.000000
1.789990 1.064564 1.888789 3.000000
0.459851 0.871948 0.979452 3.000000
1.326832 0.880704 2.616147 3.000000
1.588214 0.578767 1.249771 3.000000
1.151349 0.804090 2.777903 3.000000
1.056748 0.148990 1.688961 3.000000
3.264466 0.549387 1.611201 3.000000
0.910441 0.623429 1.343206 3.000000
1.191524 0.600608 1.979501 3.000000
0.834012 0.223622 1.114987 3.000000
3.315436 0.793376 1.665411 3.000000
0.613018 0.456548 1.200823 3.000000
1.760773 0.591920 1.375507 3.000000
