12.790000 13.530000 0.878600 5.224000 3.054000 5.483000 4.958000
11.830000 13.230000 0.849600 5.263000 2.840000 5.195000 5.307000
13.370000 13.780000 0.884900 5.320000 3.128000 4.670000 5.091000
13.020000 13.760000 0.864100 5.395000 3.026000 3.373000 4.825000
12.760000 13.380000 0.896400 5.073000 3.155000 2.828000 4.830000
14.110000 14.100000 0.891100 5.420000 3.302000 2.700000 5.000000
12.490000 13.460000 0.865800 5.267000 2.967000 4.421000 5.002000
12.380000 13.440000 0.860900 5.219000 2.989000 5.472000 5.045000
11.270000 12.970000 0.841900 5.088000 2.763000 4.309000 5.000000
12.370000 13.470000 0.856700 5.204000 2.960000 3.919000 5.001000
12.050000 13.410000 0.841600 5.267000 2.847000 4.988000 5.046000
16.120000 15.000000 0.900000 5.709000 3.485000 2.270000 5.443000
13.780000 14.060000 0.875900 5.479000 3.156000 3.136000 4.872000
12.360000 13.190000 0.892300 5.076000 3.042000 3.220000 4.605000
13.800000 14.040000 0.879400 5.376000 3.155000 1.560000 4.961000
11.270000 12.860000 0.856300 5.091000 2.804000 3.985000 5.001000
12.730000 13.750000 0.845800 5.412000 2.882000 3.533000 5.067000
10.740000 12.730000 0.832900 5.145000 2.642000 4.702000 4.963000
11.560000 13.310000 0.819800 5.363000 2.683000 4.062000 5.182000
14.380000 14.210000 0.895100 5.386000 3.312000 2.462000 4.956000
11.650000 13.070000 0.857500 5.108000 2.850000 5.209000 5.135000
14.340000 14.370000 0.872600 5.630000 3.190000 1.313000 5.150000
12.210000 13.470000 0.845300 5.357000 2.893000 1.661000 5.178000
12.720000 13.570000 0.868600 5.226000 3.049000 4.102000 4.914000
10.830000 12.960000 0.809900 5.278000 2.641000 5.182000 5.185000
11.550000 13.100000 0.845500 5.167000 2.845000 6.715000 4.956000
15.050000 14.680000 0.877900 5.712000 3.328000 2.129000 5.360000
11.810000 13.450000 0.819800 5.413000 2.716000 4.898000 5.352000
15.260000 14.850000 0.869600 5.714000 3.242000 4.543000 5.314000
13.450000 14.020000 0.860400 5.516000 3.065000 3.531000 5.097000
13.740000 14.050000 0.874400 5.482000 3.114000 2.932000 4.825000
12.100000 13.150000 0.879300 5.105000 2.941000 2.201000 5.056000
14.460000 14.350000 0.881800 5.388000 3.377000 2.802000 5.044000
12.880000 13.500000 0.887900 5.139000 3.119000 2.352000 4.607000
13.320000 13.940000 0.861300 5.541000 3.073000 7.035000 5.440000
11.480000 13.050000 0.847300 5.180000 2.758000 5.876000 5.002000
13.540000 13.850000 0.887100 5.348000 3.156000 2.587000 5.178000
15.780000 14.910000 0.892300 5.674000 3.434000 5.593000 5.136000
14.290000 14.090000 0.905000 5.291000 3.337000 2.699000 4.825000
14.010000 14.290000 0.862500 5.609000 3.158000 2.217000 5.132000
12.190000 13.200000 0.878300 5.137000 2.981000 3.631000 4.870000
15.490000 14.940000 0.872400 5.757000 3.371000 3.412000 5.228000
14.590000 14.280000 0.899300 5.351000 3.333000 4.185000 4.781000
14.160000 14.400000 0.858400 5.658000 3.129000 3.072000 5.176000
12.700000 13.710000 0.849100 5.386000 2.911000 3.260000 5.316000
11.180000 12.720000 0.868000 5.009000 2.810000 4.051000 4.828000
10.590000 12.410000 0.864800 4.899000 2.787000 4.975000 4.794000
12.800000 13.470000 0.886000 5.160000 3.126000 4.873000 4.914000
13.990000 13.830000 0.918300 5.119000 3.383000 5.234000 4.781000
11.490000 13.220000 0.826300 5.304000 2.695000 5.388000 5.310000
12.740000 13.670000 0.856400 5.395000 2.956000 2.504000 4.869000
11.240000 13.000000 0.835900 5.090000 2.715000 3.521000 5.088000
16.630000 15.460000 0.874700 6.053000 3.465000 2.040000 5.877000
14.490000 14.610000 0.853800 5.715000 3.113000 4.116000 5.396000
12.460000 13.410000 0.870600 5.236000 3.017000 4.987000 5.147000
11.350000 13.120000 0.829100 5.176000 2.668000 4.337000 5.132000
12.150000 13.450000 0.844300 5.417000 2.837000 3.638000 5.338000
12.890000 13.770000 0.854100 5.495000 3.026000 6.185000 5.316000
15.500000 14.860000 0.882000 5.877000 3.396000 4.711000 5.528000
15.260000 14.840000 0.871000 5.763000 3.312000 2.221000 5.220000
15.030000 14.770000 0.865800 5.702000 3.212000 1.933000 5.439000
13.340000 13.950000 0.862000 5.389000 3.074000 5.995000 5.307000
12.010000 13.520000 0.824900 5.405000 2.776000 6.992000 5.270000
12.110000 13.470000 0.839200 5.159000 3.032000 1.502000 4.519000
11.020000 13.000000 0.818900 5.325000 2.701000 6.735000 5.163000
14.330000 14.280000 0.883100 5.504000 3.199000 3.328000 5.224000
14.920000 14.430000 0.900600 5.384000 3.412000 1.142000 5.088000
14.090000 14.410000 0.852900 5.717000 3.186000 3.920000 5.299000
10.790000 12.930000 0.810700 5.317000 2.648000 5.462000 5.194000
11.210000 13.130000 0.816700 5.279000 2.687000 6.169000 5.275000
13.840000 13.940000 0.895500 5.324000 3.379000 2.259000 4.805000
14.430000 14.400000 0.875100 5.585000 3.272000 3.975000 5.144000
13.500000 13.850000 0.885200 5.351000 3.158000 2.249000 5.176000
12.300000 13.340000 0.868400 5.243000 2.974000 5.637000 5.063000
14.370000 14.390000 0.872600 5.569000 3.153000 1.464000 5.300000
12.020000 13.330000 0.850300 5.350000 2.810000 4.271000 5.308000
12.440000 13.590000 0.846200 5.319000 2.897000 4.924000 5.270000
14.110000 14.180000 0.882000 5.541000 3.221000 2.754000 5.038000
11.230000 12.820000 0.859400 5.089000 2.821000 7.524000 4.957000
13.160000 13.820000 0.866200 5.454000 2.975000 0.855100 5.056000
13.940000 14.170000 0.872800 5.585000 3.150000 2.124000 5.012000
12.700000 13.410000 0.887400 5.183000 3.091000 8.456000 5.000000
11.400000 13.080000 0.837500 5.136000 2.763000 5.588000 5.089000
10.930000 12.800000 0.839000 5.046000 2.717000 5.398000 5.045000
12.130000 13.730000 0.808100 5.394000 2.745000 4.825000 5.220000
14.520000 14.600000 0.855700 5.741000 3.113000 1.481000 5.487000
12.620000 13.670000 0.848100 5.410000 2.911000 3.306000 5.231000
16.140000 14.990000 0.903400 5.658000 3.562000 1.355000 5.175000
11.140000 12.790000 0.855800 5.011000 2.794000 6.388000 5.049000
14.700000 14.210000 0.915300 5.205000 3.466000 1.767000 4.649000
13.160000 13.550000 0.900900 5.138000 3.201000 2.461000 4.783000
15.880000 14.900000 0.898800 5.618000 3.507000 0.765100 5.091000
14.790000 14.520000 0.881900 5.545000 3.291000 2.704000 5.111000
14.030000 14.160000 0.879600 5.438000 3.201000 1.717000 5.001000
14.860000 14.670000 0.867600 5.678000 3.258000 2.129000 5.351000
11.750000 13.520000 0.808200 5.444000 2.678000 4.378000 5.310000
11.340000 12.870000 0.859600 5.053000 2.849000 3.347000 5.003000
13.200000 13.660000 0.888300 5.236000 3.232000 8.315000 5.056000
